0.000000000000000000e+00 0.000000000000000000e+00 0.000000000000000000e+00
-4.748012870550155640e-02 -9.037812240421772003e-03 1.279400885105133057e-01
1.078684031963348389e-01 4.050243794918060303e-01 1.551245898008346558e-01
3.886249065399169922e-01 7.641508579254150391e-01 2.055073976516723633e-01
5.379228293895721436e-02 9.466860443353652954e-03 -1.278913617134094238e-01
-1.215199828147888184e-01 3.260976672172546387e-01 -8.038343489170074463e-02
-7.644517719745635986e-02 7.386248111724853516e-01 1.023163646459579468e-01
-6.234628707170486450e-02 -2.356454730033874512e-01 -5.955033004283905029e-02
-1.758744716644287109e-01 -4.437271058559417725e-01 -3.908322751522064209e-02
-3.064749240875244141e-01 -5.354444384574890137e-01 -5.668701976537704468e-02
-3.333797454833984375e-01 -6.537249088287353516e-01 -4.034756496548652649e-02
-1.220567226409912109e-01 -4.655389189720153809e-01 -2.095722407102584839e-01
8.459962904453277588e-02 -3.407003879547119141e-01 -3.857947885990142822e-01
-2.038984298706054688e-01 -3.986049890518188477e-01 -3.733420968055725098e-01
-1.486915051937103271e-01 -3.673073649406433105e-01 1.489567607641220093e-01
-3.501048982143402100e-01 -2.547586560249328613e-01 3.264526724815368652e-01
-5.433501005172729492e-01 -3.908708691596984863e-01 3.335773348808288574e-01
